2022/02/16-16:39:27.657931 119bab600 RocksDB version: 6.12.7
2022/02/16-16:39:27.658291 119bab600 Git sha rocksdb_build_git_sha:@0@
2022/02/16-16:39:27.658295 119bab600 Compile date Jul 27 2021
2022/02/16-16:39:27.658311 119bab600 DB SUMMARY
2022/02/16-16:39:27.658313 119bab600 DB Session ID:  BOYQZL00S4TAB5VWJ77T
2022/02/16-16:39:27.658345 119bab600 SST files in /Users/helios_fz/IdeaProjects/ic-lock/.dfx/state/replicated_state/node-100/ic_consensus_pool/consensus dir, Total Num: 0, files: 
2022/02/16-16:39:27.658347 119bab600 Write Ahead Log file in /Users/helios_fz/IdeaProjects/ic-lock/.dfx/state/replicated_state/node-100/ic_consensus_pool/consensus: 
2022/02/16-16:39:27.658348 119bab600                         Options.error_if_exists: 0
2022/02/16-16:39:27.658350 119bab600                       Options.create_if_missing: 1
2022/02/16-16:39:27.658351 119bab600                         Options.paranoid_checks: 1
2022/02/16-16:39:27.658352 119bab600                                     Options.env: 0x10c690068
2022/02/16-16:39:27.658353 119bab600                                      Options.fs: Posix File System
2022/02/16-16:39:27.658353 119bab600                                Options.info_log: 0x600003a554f0
2022/02/16-16:39:27.658354 119bab600                Options.max_file_opening_threads: 16
2022/02/16-16:39:27.658355 119bab600                              Options.statistics: 0x0
2022/02/16-16:39:27.658356 119bab600                               Options.use_fsync: 1
2022/02/16-16:39:27.658357 119bab600                       Options.max_log_file_size: 0
2022/02/16-16:39:27.658357 119bab600                  Options.max_manifest_file_size: 1073741824
2022/02/16-16:39:27.658358 119bab600                   Options.log_file_time_to_roll: 0
2022/02/16-16:39:27.658359 119bab600                       Options.keep_log_file_num: 1000
2022/02/16-16:39:27.658360 119bab600                    Options.recycle_log_file_num: 0
2022/02/16-16:39:27.658360 119bab600                         Options.allow_fallocate: 1
2022/02/16-16:39:27.658361 119bab600                        Options.allow_mmap_reads: 0
2022/02/16-16:39:27.658362 119bab600                       Options.allow_mmap_writes: 0
2022/02/16-16:39:27.658363 119bab600                        Options.use_direct_reads: 0
2022/02/16-16:39:27.658363 119bab600                        Options.use_direct_io_for_flush_and_compaction: 0
2022/02/16-16:39:27.658364 119bab600          Options.create_missing_column_families: 1
2022/02/16-16:39:27.658365 119bab600                              Options.db_log_dir: 
2022/02/16-16:39:27.658366 119bab600                                 Options.wal_dir: /Users/helios_fz/IdeaProjects/ic-lock/.dfx/state/replicated_state/node-100/ic_consensus_pool/consensus
2022/02/16-16:39:27.658367 119bab600                Options.table_cache_numshardbits: 6
2022/02/16-16:39:27.658367 119bab600                         Options.WAL_ttl_seconds: 0
2022/02/16-16:39:27.658368 119bab600                       Options.WAL_size_limit_MB: 0
2022/02/16-16:39:27.658369 119bab600                        Options.max_write_batch_group_size_bytes: 1048576
2022/02/16-16:39:27.658370 119bab600             Options.manifest_preallocation_size: 4194304
2022/02/16-16:39:27.658370 119bab600                     Options.is_fd_close_on_exec: 1
2022/02/16-16:39:27.658371 119bab600                   Options.advise_random_on_open: 1
2022/02/16-16:39:27.658372 119bab600                    Options.db_write_buffer_size: 0
2022/02/16-16:39:27.658373 119bab600                    Options.write_buffer_manager: 0x600001753ae0
2022/02/16-16:39:27.658373 119bab600         Options.access_hint_on_compaction_start: 1
2022/02/16-16:39:27.658374 119bab600  Options.new_table_reader_for_compaction_inputs: 0
2022/02/16-16:39:27.658375 119bab600           Options.random_access_max_buffer_size: 1048576
2022/02/16-16:39:27.658376 119bab600                      Options.use_adaptive_mutex: 0
2022/02/16-16:39:27.658376 119bab600                            Options.rate_limiter: 0x0
2022/02/16-16:39:27.658378 119bab600     Options.sst_file_manager.rate_bytes_per_sec: 0
2022/02/16-16:39:27.658379 119bab600                       Options.wal_recovery_mode: 2
2022/02/16-16:39:27.658398 119bab600                  Options.enable_thread_tracking: 0
2022/02/16-16:39:27.658399 119bab600                  Options.enable_pipelined_write: 0
2022/02/16-16:39:27.658400 119bab600                  Options.unordered_write: 0
2022/02/16-16:39:27.658401 119bab600         Options.allow_concurrent_memtable_write: 1
2022/02/16-16:39:27.658401 119bab600      Options.enable_write_thread_adaptive_yield: 1
2022/02/16-16:39:27.658402 119bab600             Options.write_thread_max_yield_usec: 100
2022/02/16-16:39:27.658403 119bab600            Options.write_thread_slow_yield_usec: 3
2022/02/16-16:39:27.658404 119bab600                               Options.row_cache: None
2022/02/16-16:39:27.658406 119bab600                              Options.wal_filter: None
2022/02/16-16:39:27.658408 119bab600             Options.avoid_flush_during_recovery: 0
2022/02/16-16:39:27.658409 119bab600             Options.allow_ingest_behind: 0
2022/02/16-16:39:27.658409 119bab600             Options.preserve_deletes: 0
2022/02/16-16:39:27.658410 119bab600             Options.two_write_queues: 0
2022/02/16-16:39:27.658411 119bab600             Options.manual_wal_flush: 0
2022/02/16-16:39:27.658411 119bab600             Options.atomic_flush: 0
2022/02/16-16:39:27.658412 119bab600             Options.avoid_unnecessary_blocking_io: 0
2022/02/16-16:39:27.658413 119bab600                 Options.persist_stats_to_disk: 0
2022/02/16-16:39:27.658414 119bab600                 Options.write_dbid_to_manifest: 0
2022/02/16-16:39:27.658414 119bab600                 Options.log_readahead_size: 0
2022/02/16-16:39:27.658415 119bab600                 Options.file_checksum_gen_factory: Unknown
2022/02/16-16:39:27.658417 119bab600                 Options.best_efforts_recovery: 0
2022/02/16-16:39:27.658418 119bab600                Options.max_bgerror_resume_count: 2147483647
2022/02/16-16:39:27.658419 119bab600            Options.bgerror_resume_retry_interval: 1000000
2022/02/16-16:39:27.658420 119bab600             Options.max_background_jobs: 2
2022/02/16-16:39:27.658421 119bab600             Options.max_background_compactions: -1
2022/02/16-16:39:27.658422 119bab600             Options.max_subcompactions: 1
2022/02/16-16:39:27.658423 119bab600             Options.avoid_flush_during_shutdown: 0
2022/02/16-16:39:27.658424 119bab600           Options.writable_file_max_buffer_size: 1048576
2022/02/16-16:39:27.658425 119bab600             Options.delayed_write_rate : 16777216
2022/02/16-16:39:27.658426 119bab600             Options.max_total_wal_size: 0
2022/02/16-16:39:27.658427 119bab600             Options.delete_obsolete_files_period_micros: 21600000000
2022/02/16-16:39:27.658428 119bab600                   Options.stats_dump_period_sec: 600
2022/02/16-16:39:27.658429 119bab600                 Options.stats_persist_period_sec: 600
2022/02/16-16:39:27.658430 119bab600                 Options.stats_history_buffer_size: 1048576
2022/02/16-16:39:27.658431 119bab600                          Options.max_open_files: -1
2022/02/16-16:39:27.658432 119bab600                          Options.bytes_per_sync: 0
2022/02/16-16:39:27.658432 119bab600                      Options.wal_bytes_per_sync: 0
2022/02/16-16:39:27.658433 119bab600                   Options.strict_bytes_per_sync: 0
2022/02/16-16:39:27.658434 119bab600       Options.compaction_readahead_size: 0
2022/02/16-16:39:27.658435 119bab600                  Options.max_background_flushes: -1
2022/02/16-16:39:27.658436 119bab600 Compression algorithms supported:
2022/02/16-16:39:27.658438 119bab600 	kZSTD supported: 1
2022/02/16-16:39:27.658440 119bab600 	kZlibCompression supported: 1
2022/02/16-16:39:27.658440 119bab600 	kXpressCompression supported: 0
2022/02/16-16:39:27.658441 119bab600 	kSnappyCompression supported: 1
2022/02/16-16:39:27.658442 119bab600 	kZSTDNotFinalCompression supported: 1
2022/02/16-16:39:27.658443 119bab600 	kLZ4HCCompression supported: 1
2022/02/16-16:39:27.658444 119bab600 	kLZ4Compression supported: 1
2022/02/16-16:39:27.658457 119bab600 	kBZip2Compression supported: 1
2022/02/16-16:39:27.658458 119bab600 Fast CRC32 supported: Supported on x86
2022/02/16-16:39:27.658954 119bab600 [db/db_impl/db_impl_open.cc:271] Creating manifest 1 
2022/02/16-16:39:27.659599 119bab600 [db/version_set.cc:4560] Recovering from manifest file: /Users/helios_fz/IdeaProjects/ic-lock/.dfx/state/replicated_state/node-100/ic_consensus_pool/consensus/MANIFEST-000001
2022/02/16-16:39:27.659642 119bab600 [db/column_family.cc:580] --------------- Options for column family [default]:
2022/02/16-16:39:27.659646 119bab600               Options.comparator: leveldb.BytewiseComparator
2022/02/16-16:39:27.659647 119bab600           Options.merge_operator: None
2022/02/16-16:39:27.659649 119bab600        Options.compaction_filter: None
2022/02/16-16:39:27.659650 119bab600        Options.compaction_filter_factory: None
2022/02/16-16:39:27.659651 119bab600  Options.sst_partitioner_factory: None
2022/02/16-16:39:27.659651 119bab600         Options.memtable_factory: SkipListFactory
2022/02/16-16:39:27.659652 119bab600            Options.table_factory: BlockBasedTable
2022/02/16-16:39:27.659666 119bab600            table_factory options:   flush_block_policy_factory: FlushBlockBySizePolicyFactory (0x600001b528e0)
  cache_index_and_filter_blocks: 0
  cache_index_and_filter_blocks_with_high_priority: 1
  pin_l0_filter_and_index_blocks_in_cache: 0
  pin_top_level_index_and_filter: 1
  index_type: 0
  data_block_index_type: 0
  index_shortening: 1
  data_block_hash_table_util_ratio: 0.750000
  hash_index_allow_collision: 1
  checksum: 1
  no_block_cache: 0
  block_cache: 0x600002856bd8
  block_cache_name: LRUCache
  block_cache_options:
    capacity : 8388608
    num_shard_bits : 4
    strict_capacity_limit : 0
    memory_allocator : None
    high_pri_pool_ratio: 0.000
  block_cache_compressed: 0x0
  persistent_cache: 0x0
  block_size: 4096
  block_size_deviation: 10
  block_restart_interval: 16
  index_block_restart_interval: 1
  metadata_block_size: 4096
  partition_filters: 0
  use_delta_encoding: 1
  filter_policy: nullptr
  whole_key_filtering: 1
  verify_compression: 0
  read_amp_bytes_per_bit: 0
  format_version: 4
  enable_index_compression: 1
  block_align: 0
2022/02/16-16:39:27.659668 119bab600        Options.write_buffer_size: 67108864
2022/02/16-16:39:27.659669 119bab600  Options.max_write_buffer_number: 2
2022/02/16-16:39:27.659670 119bab600          Options.compression: Snappy
2022/02/16-16:39:27.659671 119bab600                  Options.bottommost_compression: Disabled
2022/02/16-16:39:27.659672 119bab600       Options.prefix_extractor: nullptr
2022/02/16-16:39:27.659673 119bab600   Options.memtable_insert_with_hint_prefix_extractor: nullptr
2022/02/16-16:39:27.659673 119bab600             Options.num_levels: 7
2022/02/16-16:39:27.659674 119bab600        Options.min_write_buffer_number_to_merge: 1
2022/02/16-16:39:27.659675 119bab600     Options.max_write_buffer_number_to_maintain: 0
2022/02/16-16:39:27.659676 119bab600     Options.max_write_buffer_size_to_maintain: 0
2022/02/16-16:39:27.659676 119bab600            Options.bottommost_compression_opts.window_bits: -14
2022/02/16-16:39:27.659677 119bab600                  Options.bottommost_compression_opts.level: 32767
2022/02/16-16:39:27.659678 119bab600               Options.bottommost_compression_opts.strategy: 0
2022/02/16-16:39:27.659679 119bab600         Options.bottommost_compression_opts.max_dict_bytes: 0
2022/02/16-16:39:27.659680 119bab600         Options.bottommost_compression_opts.zstd_max_train_bytes: 0
2022/02/16-16:39:27.659680 119bab600         Options.bottommost_compression_opts.parallel_threads: 1
2022/02/16-16:39:27.659681 119bab600                  Options.bottommost_compression_opts.enabled: false
2022/02/16-16:39:27.659682 119bab600            Options.compression_opts.window_bits: -14
2022/02/16-16:39:27.659683 119bab600                  Options.compression_opts.level: 32767
2022/02/16-16:39:27.659684 119bab600               Options.compression_opts.strategy: 0
2022/02/16-16:39:27.659684 119bab600         Options.compression_opts.max_dict_bytes: 0
2022/02/16-16:39:27.659703 119bab600         Options.compression_opts.zstd_max_train_bytes: 0
2022/02/16-16:39:27.659704 119bab600         Options.compression_opts.parallel_threads: 1
2022/02/16-16:39:27.659705 119bab600                  Options.compression_opts.enabled: false
2022/02/16-16:39:27.659705 119bab600      Options.level0_file_num_compaction_trigger: 4
2022/02/16-16:39:27.659706 119bab600          Options.level0_slowdown_writes_trigger: 20
2022/02/16-16:39:27.659707 119bab600              Options.level0_stop_writes_trigger: 36
2022/02/16-16:39:27.659708 119bab600                   Options.target_file_size_base: 67108864
2022/02/16-16:39:27.659708 119bab600             Options.target_file_size_multiplier: 1
2022/02/16-16:39:27.659709 119bab600                Options.max_bytes_for_level_base: 268435456
2022/02/16-16:39:27.659710 119bab600 Options.level_compaction_dynamic_level_bytes: 0
2022/02/16-16:39:27.659711 119bab600          Options.max_bytes_for_level_multiplier: 10.000000
2022/02/16-16:39:27.659712 119bab600 Options.max_bytes_for_level_multiplier_addtl[0]: 1
2022/02/16-16:39:27.659713 119bab600 Options.max_bytes_for_level_multiplier_addtl[1]: 1
2022/02/16-16:39:27.659713 119bab600 Options.max_bytes_for_level_multiplier_addtl[2]: 1
2022/02/16-16:39:27.659714 119bab600 Options.max_bytes_for_level_multiplier_addtl[3]: 1
2022/02/16-16:39:27.659715 119bab600 Options.max_bytes_for_level_multiplier_addtl[4]: 1
2022/02/16-16:39:27.659716 119bab600 Options.max_bytes_for_level_multiplier_addtl[5]: 1
2022/02/16-16:39:27.659716 119bab600 Options.max_bytes_for_level_multiplier_addtl[6]: 1
2022/02/16-16:39:27.659717 119bab600       Options.max_sequential_skip_in_iterations: 8
2022/02/16-16:39:27.659718 119bab600                    Options.max_compaction_bytes: 1677721600
2022/02/16-16:39:27.659719 119bab600                        Options.arena_block_size: 8388608
2022/02/16-16:39:27.659720 119bab600   Options.soft_pending_compaction_bytes_limit: 68719476736
2022/02/16-16:39:27.659720 119bab600   Options.hard_pending_compaction_bytes_limit: 274877906944
2022/02/16-16:39:27.659721 119bab600       Options.rate_limit_delay_max_milliseconds: 100
2022/02/16-16:39:27.659722 119bab600                Options.disable_auto_compactions: 0
2022/02/16-16:39:27.659723 119bab600                        Options.compaction_style: kCompactionStyleLevel
2022/02/16-16:39:27.659724 119bab600                          Options.compaction_pri: kMinOverlappingRatio
2022/02/16-16:39:27.659724 119bab600 Options.compaction_options_universal.size_ratio: 1
2022/02/16-16:39:27.659725 119bab600 Options.compaction_options_universal.min_merge_width: 2
2022/02/16-16:39:27.659726 119bab600 Options.compaction_options_universal.max_merge_width: 4294967295
2022/02/16-16:39:27.659727 119bab600 Options.compaction_options_universal.max_size_amplification_percent: 200
2022/02/16-16:39:27.659728 119bab600 Options.compaction_options_universal.compression_size_percent: -1
2022/02/16-16:39:27.659729 119bab600 Options.compaction_options_universal.stop_style: kCompactionStopStyleTotalSize
2022/02/16-16:39:27.659729 119bab600 Options.compaction_options_fifo.max_table_files_size: 1073741824
2022/02/16-16:39:27.659730 119bab600 Options.compaction_options_fifo.allow_compaction: 0
2022/02/16-16:39:27.659732 119bab600                   Options.table_properties_collectors: 
2022/02/16-16:39:27.659732 119bab600                   Options.inplace_update_support: 0
2022/02/16-16:39:27.659733 119bab600                 Options.inplace_update_num_locks: 10000
2022/02/16-16:39:27.659734 119bab600               Options.memtable_prefix_bloom_size_ratio: 0.000000
2022/02/16-16:39:27.659735 119bab600               Options.memtable_whole_key_filtering: 0
2022/02/16-16:39:27.659736 119bab600   Options.memtable_huge_page_size: 0
2022/02/16-16:39:27.659736 119bab600                           Options.bloom_locality: 0
2022/02/16-16:39:27.659737 119bab600                    Options.max_successive_merges: 0
2022/02/16-16:39:27.659738 119bab600                Options.optimize_filters_for_hits: 0
2022/02/16-16:39:27.659750 119bab600                Options.paranoid_file_checks: 0
2022/02/16-16:39:27.659751 119bab600                Options.force_consistency_checks: 0
2022/02/16-16:39:27.659752 119bab600                Options.report_bg_io_stats: 0
2022/02/16-16:39:27.659753 119bab600                               Options.ttl: 2592000
2022/02/16-16:39:27.659753 119bab600          Options.periodic_compaction_seconds: 0
2022/02/16-16:39:27.660160 119bab600 [db/version_set.cc:4718] Recovered from manifest file:/Users/helios_fz/IdeaProjects/ic-lock/.dfx/state/replicated_state/node-100/ic_consensus_pool/consensus/MANIFEST-000001 succeeded,manifest_file_number is 1, next_file_number is 3, last_sequence is 0, log_number is 0,prev_log_number is 0,max_column_family is 0,min_log_number_to_keep is 0
2022/02/16-16:39:27.660164 119bab600 [db/version_set.cc:4727] Column family [default] (ID 0), log number is 0
2022/02/16-16:39:27.660320 119bab600 [db/version_set.cc:3950] Creating manifest 4
2022/02/16-16:39:27.660893 119bab600 [db/column_family.cc:580] --------------- Options for column family [RB]:
2022/02/16-16:39:27.660896 119bab600               Options.comparator: leveldb.BytewiseComparator
2022/02/16-16:39:27.660897 119bab600           Options.merge_operator: None
2022/02/16-16:39:27.660898 119bab600        Options.compaction_filter: filter_outdated
2022/02/16-16:39:27.660898 119bab600        Options.compaction_filter_factory: None
2022/02/16-16:39:27.660899 119bab600  Options.sst_partitioner_factory: None
2022/02/16-16:39:27.660900 119bab600         Options.memtable_factory: SkipListFactory
2022/02/16-16:39:27.660901 119bab600            Options.table_factory: BlockBasedTable
2022/02/16-16:39:27.660916 119bab600            table_factory options:   flush_block_policy_factory: FlushBlockBySizePolicyFactory (0x600001b52510)
  cache_index_and_filter_blocks: 0
  cache_index_and_filter_blocks_with_high_priority: 1
  pin_l0_filter_and_index_blocks_in_cache: 0
  pin_top_level_index_and_filter: 1
  index_type: 0
  data_block_index_type: 0
  index_shortening: 1
  data_block_hash_table_util_ratio: 0.750000
  hash_index_allow_collision: 1
  checksum: 1
  no_block_cache: 0
  block_cache: 0x600002856458
  block_cache_name: LRUCache
  block_cache_options:
    capacity : 8388608
    num_shard_bits : 4
    strict_capacity_limit : 0
    memory_allocator : None
    high_pri_pool_ratio: 0.000
  block_cache_compressed: 0x0
  persistent_cache: 0x0
  block_size: 4096
  block_size_deviation: 10
  block_restart_interval: 16
  index_block_restart_interval: 1
  metadata_block_size: 4096
  partition_filters: 0
  use_delta_encoding: 1
  filter_policy: nullptr
  whole_key_filtering: 1
  verify_compression: 0
  read_amp_bytes_per_bit: 0
  format_version: 4
  enable_index_compression: 1
  block_align: 0
2022/02/16-16:39:27.660925 119bab600        Options.write_buffer_size: 67108864
2022/02/16-16:39:27.660926 119bab600  Options.max_write_buffer_number: 2
2022/02/16-16:39:27.660927 119bab600          Options.compression: NoCompression
2022/02/16-16:39:27.660928 119bab600                  Options.bottommost_compression: Disabled
2022/02/16-16:39:27.660928 119bab600       Options.prefix_extractor: nullptr
2022/02/16-16:39:27.660929 119bab600   Options.memtable_insert_with_hint_prefix_extractor: nullptr
2022/02/16-16:39:27.660930 119bab600             Options.num_levels: 7
2022/02/16-16:39:27.660931 119bab600        Options.min_write_buffer_number_to_merge: 1
2022/02/16-16:39:27.660931 119bab600     Options.max_write_buffer_number_to_maintain: 0
2022/02/16-16:39:27.660932 119bab600     Options.max_write_buffer_size_to_maintain: 0
2022/02/16-16:39:27.660933 119bab600            Options.bottommost_compression_opts.window_bits: -14
2022/02/16-16:39:27.660934 119bab600                  Options.bottommost_compression_opts.level: 32767
2022/02/16-16:39:27.660935 119bab600               Options.bottommost_compression_opts.strategy: 0
2022/02/16-16:39:27.660935 119bab600         Options.bottommost_compression_opts.max_dict_bytes: 0
2022/02/16-16:39:27.660936 119bab600         Options.bottommost_compression_opts.zstd_max_train_bytes: 0
2022/02/16-16:39:27.660937 119bab600         Options.bottommost_compression_opts.parallel_threads: 1
2022/02/16-16:39:27.660938 119bab600                  Options.bottommost_compression_opts.enabled: false
2022/02/16-16:39:27.660939 119bab600            Options.compression_opts.window_bits: -14
2022/02/16-16:39:27.660939 119bab600                  Options.compression_opts.level: 32767
2022/02/16-16:39:27.660940 119bab600               Options.compression_opts.strategy: 0
2022/02/16-16:39:27.660941 119bab600         Options.compression_opts.max_dict_bytes: 0
2022/02/16-16:39:27.660942 119bab600         Options.compression_opts.zstd_max_train_bytes: 0
2022/02/16-16:39:27.660942 119bab600         Options.compression_opts.parallel_threads: 1
2022/02/16-16:39:27.660943 119bab600                  Options.compression_opts.enabled: false
2022/02/16-16:39:27.660944 119bab600      Options.level0_file_num_compaction_trigger: 4
2022/02/16-16:39:27.660959 119bab600          Options.level0_slowdown_writes_trigger: 20
2022/02/16-16:39:27.660960 119bab600              Options.level0_stop_writes_trigger: 36
2022/02/16-16:39:27.660961 119bab600                   Options.target_file_size_base: 67108864
2022/02/16-16:39:27.660962 119bab600             Options.target_file_size_multiplier: 1
2022/02/16-16:39:27.660963 119bab600                Options.max_bytes_for_level_base: 268435456
2022/02/16-16:39:27.660963 119bab600 Options.level_compaction_dynamic_level_bytes: 0
2022/02/16-16:39:27.660964 119bab600          Options.max_bytes_for_level_multiplier: 10.000000
2022/02/16-16:39:27.660965 119bab600 Options.max_bytes_for_level_multiplier_addtl[0]: 1
2022/02/16-16:39:27.660966 119bab600 Options.max_bytes_for_level_multiplier_addtl[1]: 1
2022/02/16-16:39:27.660967 119bab600 Options.max_bytes_for_level_multiplier_addtl[2]: 1
2022/02/16-16:39:27.660968 119bab600 Options.max_bytes_for_level_multiplier_addtl[3]: 1
2022/02/16-16:39:27.660968 119bab600 Options.max_bytes_for_level_multiplier_addtl[4]: 1
2022/02/16-16:39:27.660969 119bab600 Options.max_bytes_for_level_multiplier_addtl[5]: 1
2022/02/16-16:39:27.660970 119bab600 Options.max_bytes_for_level_multiplier_addtl[6]: 1
2022/02/16-16:39:27.660971 119bab600       Options.max_sequential_skip_in_iterations: 8
2022/02/16-16:39:27.660971 119bab600                    Options.max_compaction_bytes: 1677721600
2022/02/16-16:39:27.660972 119bab600                        Options.arena_block_size: 8388608
2022/02/16-16:39:27.660973 119bab600   Options.soft_pending_compaction_bytes_limit: 68719476736
2022/02/16-16:39:27.660974 119bab600   Options.hard_pending_compaction_bytes_limit: 274877906944
2022/02/16-16:39:27.660975 119bab600       Options.rate_limit_delay_max_milliseconds: 100
2022/02/16-16:39:27.660975 119bab600                Options.disable_auto_compactions: 1
2022/02/16-16:39:27.660976 119bab600                        Options.compaction_style: kCompactionStyleLevel
2022/02/16-16:39:27.660977 119bab600                          Options.compaction_pri: kMinOverlappingRatio
2022/02/16-16:39:27.660978 119bab600 Options.compaction_options_universal.size_ratio: 1
2022/02/16-16:39:27.660978 119bab600 Options.compaction_options_universal.min_merge_width: 2
2022/02/16-16:39:27.660979 119bab600 Options.compaction_options_universal.max_merge_width: 4294967295
2022/02/16-16:39:27.660980 119bab600 Options.compaction_options_universal.max_size_amplification_percent: 200
2022/02/16-16:39:27.660981 119bab600 Options.compaction_options_universal.compression_size_percent: -1
2022/02/16-16:39:27.660982 119bab600 Options.compaction_options_universal.stop_style: kCompactionStopStyleTotalSize
2022/02/16-16:39:27.660983 119bab600 Options.compaction_options_fifo.max_table_files_size: 1073741824
2022/02/16-16:39:27.660983 119bab600 Options.compaction_options_fifo.allow_compaction: 0
2022/02/16-16:39:27.660984 119bab600                   Options.table_properties_collectors: 
2022/02/16-16:39:27.660985 119bab600                   Options.inplace_update_support: 0
2022/02/16-16:39:27.660986 119bab600                 Options.inplace_update_num_locks: 10000
2022/02/16-16:39:27.660987 119bab600               Options.memtable_prefix_bloom_size_ratio: 0.000000
2022/02/16-16:39:27.660988 119bab600               Options.memtable_whole_key_filtering: 0
2022/02/16-16:39:27.660988 119bab600   Options.memtable_huge_page_size: 0
2022/02/16-16:39:27.660989 119bab600                           Options.bloom_locality: 0
2022/02/16-16:39:27.660990 119bab600                    Options.max_successive_merges: 0
2022/02/16-16:39:27.660991 119bab600                Options.optimize_filters_for_hits: 0
2022/02/16-16:39:27.660991 119bab600                Options.paranoid_file_checks: 0
2022/02/16-16:39:27.660992 119bab600                Options.force_consistency_checks: 0
2022/02/16-16:39:27.660993 119bab600                Options.report_bg_io_stats: 0
2022/02/16-16:39:27.660994 119bab600                               Options.ttl: 2592000
2022/02/16-16:39:27.660994 119bab600          Options.periodic_compaction_seconds: 2592000
2022/02/16-16:39:27.661044 119bab600 [db/db_impl/db_impl.cc:2563] Created column family [RB] (ID 1)
2022/02/16-16:39:27.662013 119bab600 [db/column_family.cc:580] --------------- Options for column family [FZ]:
2022/02/16-16:39:27.662016 119bab600               Options.comparator: leveldb.BytewiseComparator
2022/02/16-16:39:27.662017 119bab600           Options.merge_operator: None
2022/02/16-16:39:27.662018 119bab600        Options.compaction_filter: filter_outdated
2022/02/16-16:39:27.662019 119bab600        Options.compaction_filter_factory: None
2022/02/16-16:39:27.662020 119bab600  Options.sst_partitioner_factory: None
2022/02/16-16:39:27.662020 119bab600         Options.memtable_factory: SkipListFactory
2022/02/16-16:39:27.662021 119bab600            Options.table_factory: BlockBasedTable
2022/02/16-16:39:27.662034 119bab600            table_factory options:   flush_block_policy_factory: FlushBlockBySizePolicyFactory (0x600001b52560)
  cache_index_and_filter_blocks: 0
  cache_index_and_filter_blocks_with_high_priority: 1
  pin_l0_filter_and_index_blocks_in_cache: 0
  pin_top_level_index_and_filter: 1
  index_type: 0
  data_block_index_type: 0
  index_shortening: 1
  data_block_hash_table_util_ratio: 0.750000
  hash_index_allow_collision: 1
  checksum: 1
  no_block_cache: 0
  block_cache: 0x6000028564f8
  block_cache_name: LRUCache
  block_cache_options:
    capacity : 8388608
    num_shard_bits : 4
    strict_capacity_limit : 0
    memory_allocator : None
    high_pri_pool_ratio: 0.000
  block_cache_compressed: 0x0
  persistent_cache: 0x0
  block_size: 4096
  block_size_deviation: 10
  block_restart_interval: 16
  index_block_restart_interval: 1
  metadata_block_size: 4096
  partition_filters: 0
  use_delta_encoding: 1
  filter_policy: nullptr
  whole_key_filtering: 1
  verify_compression: 0
  read_amp_bytes_per_bit: 0
  format_version: 4
  enable_index_compression: 1
  block_align: 0
2022/02/16-16:39:27.662036 119bab600        Options.write_buffer_size: 67108864
2022/02/16-16:39:27.662037 119bab600  Options.max_write_buffer_number: 2
2022/02/16-16:39:27.662038 119bab600          Options.compression: NoCompression
2022/02/16-16:39:27.662039 119bab600                  Options.bottommost_compression: Disabled
2022/02/16-16:39:27.662040 119bab600       Options.prefix_extractor: nullptr
2022/02/16-16:39:27.662040 119bab600   Options.memtable_insert_with_hint_prefix_extractor: nullptr
2022/02/16-16:39:27.662041 119bab600             Options.num_levels: 7
2022/02/16-16:39:27.662042 119bab600        Options.min_write_buffer_number_to_merge: 1
2022/02/16-16:39:27.662043 119bab600     Options.max_write_buffer_number_to_maintain: 0
2022/02/16-16:39:27.662043 119bab600     Options.max_write_buffer_size_to_maintain: 0
2022/02/16-16:39:27.662044 119bab600            Options.bottommost_compression_opts.window_bits: -14
2022/02/16-16:39:27.662045 119bab600                  Options.bottommost_compression_opts.level: 32767
2022/02/16-16:39:27.662046 119bab600               Options.bottommost_compression_opts.strategy: 0
2022/02/16-16:39:27.662047 119bab600         Options.bottommost_compression_opts.max_dict_bytes: 0
2022/02/16-16:39:27.662047 119bab600         Options.bottommost_compression_opts.zstd_max_train_bytes: 0
2022/02/16-16:39:27.662048 119bab600         Options.bottommost_compression_opts.parallel_threads: 1
2022/02/16-16:39:27.662049 119bab600                  Options.bottommost_compression_opts.enabled: false
2022/02/16-16:39:27.662050 119bab600            Options.compression_opts.window_bits: -14
2022/02/16-16:39:27.662051 119bab600                  Options.compression_opts.level: 32767
2022/02/16-16:39:27.662051 119bab600               Options.compression_opts.strategy: 0
2022/02/16-16:39:27.662052 119bab600         Options.compression_opts.max_dict_bytes: 0
2022/02/16-16:39:27.662053 119bab600         Options.compression_opts.zstd_max_train_bytes: 0
2022/02/16-16:39:27.662054 119bab600         Options.compression_opts.parallel_threads: 1
2022/02/16-16:39:27.662054 119bab600                  Options.compression_opts.enabled: false
2022/02/16-16:39:27.662055 119bab600      Options.level0_file_num_compaction_trigger: 4
2022/02/16-16:39:27.662070 119bab600          Options.level0_slowdown_writes_trigger: 20
2022/02/16-16:39:27.662071 119bab600              Options.level0_stop_writes_trigger: 36
2022/02/16-16:39:27.662072 119bab600                   Options.target_file_size_base: 67108864
2022/02/16-16:39:27.662073 119bab600             Options.target_file_size_multiplier: 1
2022/02/16-16:39:27.662074 119bab600                Options.max_bytes_for_level_base: 268435456
2022/02/16-16:39:27.662074 119bab600 Options.level_compaction_dynamic_level_bytes: 0
2022/02/16-16:39:27.662075 119bab600          Options.max_bytes_for_level_multiplier: 10.000000
2022/02/16-16:39:27.662076 119bab600 Options.max_bytes_for_level_multiplier_addtl[0]: 1
2022/02/16-16:39:27.662077 119bab600 Options.max_bytes_for_level_multiplier_addtl[1]: 1
2022/02/16-16:39:27.662078 119bab600 Options.max_bytes_for_level_multiplier_addtl[2]: 1
2022/02/16-16:39:27.662079 119bab600 Options.max_bytes_for_level_multiplier_addtl[3]: 1
2022/02/16-16:39:27.662079 119bab600 Options.max_bytes_for_level_multiplier_addtl[4]: 1
2022/02/16-16:39:27.662080 119bab600 Options.max_bytes_for_level_multiplier_addtl[5]: 1
2022/02/16-16:39:27.662081 119bab600 Options.max_bytes_for_level_multiplier_addtl[6]: 1
2022/02/16-16:39:27.662082 119bab600       Options.max_sequential_skip_in_iterations: 8
2022/02/16-16:39:27.662082 119bab600                    Options.max_compaction_bytes: 1677721600
2022/02/16-16:39:27.662083 119bab600                        Options.arena_block_size: 8388608
2022/02/16-16:39:27.662084 119bab600   Options.soft_pending_compaction_bytes_limit: 68719476736
2022/02/16-16:39:27.662085 119bab600   Options.hard_pending_compaction_bytes_limit: 274877906944
2022/02/16-16:39:27.662086 119bab600       Options.rate_limit_delay_max_milliseconds: 100
2022/02/16-16:39:27.662086 119bab600                Options.disable_auto_compactions: 1
2022/02/16-16:39:27.662087 119bab600                        Options.compaction_style: kCompactionStyleLevel
2022/02/16-16:39:27.662088 119bab600                          Options.compaction_pri: kMinOverlappingRatio
2022/02/16-16:39:27.662089 119bab600 Options.compaction_options_universal.size_ratio: 1
2022/02/16-16:39:27.662089 119bab600 Options.compaction_options_universal.min_merge_width: 2
2022/02/16-16:39:27.662090 119bab600 Options.compaction_options_universal.max_merge_width: 4294967295
2022/02/16-16:39:27.662091 119bab600 Options.compaction_options_universal.max_size_amplification_percent: 200
2022/02/16-16:39:27.662092 119bab600 Options.compaction_options_universal.compression_size_percent: -1
2022/02/16-16:39:27.662093 119bab600 Options.compaction_options_universal.stop_style: kCompactionStopStyleTotalSize
2022/02/16-16:39:27.662094 119bab600 Options.compaction_options_fifo.max_table_files_size: 1073741824
2022/02/16-16:39:27.662094 119bab600 Options.compaction_options_fifo.allow_compaction: 0
2022/02/16-16:39:27.662095 119bab600                   Options.table_properties_collectors: 
2022/02/16-16:39:27.662096 119bab600                   Options.inplace_update_support: 0
2022/02/16-16:39:27.662097 119bab600                 Options.inplace_update_num_locks: 10000
2022/02/16-16:39:27.662098 119bab600               Options.memtable_prefix_bloom_size_ratio: 0.000000
2022/02/16-16:39:27.662099 119bab600               Options.memtable_whole_key_filtering: 0
2022/02/16-16:39:27.662099 119bab600   Options.memtable_huge_page_size: 0
2022/02/16-16:39:27.662100 119bab600                           Options.bloom_locality: 0
2022/02/16-16:39:27.662101 119bab600                    Options.max_successive_merges: 0
2022/02/16-16:39:27.662102 119bab600                Options.optimize_filters_for_hits: 0
2022/02/16-16:39:27.662102 119bab600                Options.paranoid_file_checks: 0
2022/02/16-16:39:27.662103 119bab600                Options.force_consistency_checks: 0
2022/02/16-16:39:27.662104 119bab600                Options.report_bg_io_stats: 0
2022/02/16-16:39:27.662105 119bab600                               Options.ttl: 2592000
2022/02/16-16:39:27.662105 119bab600          Options.periodic_compaction_seconds: 2592000
2022/02/16-16:39:27.662145 119bab600 [db/db_impl/db_impl.cc:2563] Created column family [FZ] (ID 2)
2022/02/16-16:39:27.663172 119bab600 [db/column_family.cc:580] --------------- Options for column family [NZ]:
2022/02/16-16:39:27.663175 119bab600               Options.comparator: leveldb.BytewiseComparator
2022/02/16-16:39:27.663176 119bab600           Options.merge_operator: None
2022/02/16-16:39:27.663177 119bab600        Options.compaction_filter: filter_outdated
2022/02/16-16:39:27.663178 119bab600        Options.compaction_filter_factory: None
2022/02/16-16:39:27.663178 119bab600  Options.sst_partitioner_factory: None
2022/02/16-16:39:27.663179 119bab600         Options.memtable_factory: SkipListFactory
2022/02/16-16:39:27.663180 119bab600            Options.table_factory: BlockBasedTable
2022/02/16-16:39:27.663193 119bab600            table_factory options:   flush_block_policy_factory: FlushBlockBySizePolicyFactory (0x600001b525b0)
  cache_index_and_filter_blocks: 0
  cache_index_and_filter_blocks_with_high_priority: 1
  pin_l0_filter_and_index_blocks_in_cache: 0
  pin_top_level_index_and_filter: 1
  index_type: 0
  data_block_index_type: 0
  index_shortening: 1
  data_block_hash_table_util_ratio: 0.750000
  hash_index_allow_collision: 1
  checksum: 1
  no_block_cache: 0
  block_cache: 0x600002856598
  block_cache_name: LRUCache
  block_cache_options:
    capacity : 8388608
    num_shard_bits : 4
    strict_capacity_limit : 0
    memory_allocator : None
    high_pri_pool_ratio: 0.000
  block_cache_compressed: 0x0
  persistent_cache: 0x0
  block_size: 4096
  block_size_deviation: 10
  block_restart_interval: 16
  index_block_restart_interval: 1
  metadata_block_size: 4096
  partition_filters: 0
  use_delta_encoding: 1
  filter_policy: nullptr
  whole_key_filtering: 1
  verify_compression: 0
  read_amp_bytes_per_bit: 0
  format_version: 4
  enable_index_compression: 1
  block_align: 0
2022/02/16-16:39:27.663195 119bab600        Options.write_buffer_size: 67108864
2022/02/16-16:39:27.663196 119bab600  Options.max_write_buffer_number: 2
2022/02/16-16:39:27.663197 119bab600          Options.compression: NoCompression
2022/02/16-16:39:27.663197 119bab600                  Options.bottommost_compression: Disabled
2022/02/16-16:39:27.663198 119bab600       Options.prefix_extractor: nullptr
2022/02/16-16:39:27.663199 119bab600   Options.memtable_insert_with_hint_prefix_extractor: nullptr
2022/02/16-16:39:27.663200 119bab600             Options.num_levels: 7
2022/02/16-16:39:27.663201 119bab600        Options.min_write_buffer_number_to_merge: 1
2022/02/16-16:39:27.663201 119bab600     Options.max_write_buffer_number_to_maintain: 0
2022/02/16-16:39:27.663202 119bab600     Options.max_write_buffer_size_to_maintain: 0
2022/02/16-16:39:27.663203 119bab600            Options.bottommost_compression_opts.window_bits: -14
2022/02/16-16:39:27.663204 119bab600                  Options.bottommost_compression_opts.level: 32767
2022/02/16-16:39:27.663204 119bab600               Options.bottommost_compression_opts.strategy: 0
2022/02/16-16:39:27.663205 119bab600         Options.bottommost_compression_opts.max_dict_bytes: 0
2022/02/16-16:39:27.663206 119bab600         Options.bottommost_compression_opts.zstd_max_train_bytes: 0
2022/02/16-16:39:27.663207 119bab600         Options.bottommost_compression_opts.parallel_threads: 1
2022/02/16-16:39:27.663208 119bab600                  Options.bottommost_compression_opts.enabled: false
2022/02/16-16:39:27.663208 119bab600            Options.compression_opts.window_bits: -14
2022/02/16-16:39:27.663209 119bab600                  Options.compression_opts.level: 32767
2022/02/16-16:39:27.663210 119bab600               Options.compression_opts.strategy: 0
2022/02/16-16:39:27.663211 119bab600         Options.compression_opts.max_dict_bytes: 0
2022/02/16-16:39:27.663211 119bab600         Options.compression_opts.zstd_max_train_bytes: 0
2022/02/16-16:39:27.663212 119bab600         Options.compression_opts.parallel_threads: 1
2022/02/16-16:39:27.663213 119bab600                  Options.compression_opts.enabled: false
2022/02/16-16:39:27.663214 119bab600      Options.level0_file_num_compaction_trigger: 4
2022/02/16-16:39:27.663229 119bab600          Options.level0_slowdown_writes_trigger: 20
2022/02/16-16:39:27.663230 119bab600              Options.level0_stop_writes_trigger: 36
2022/02/16-16:39:27.663231 119bab600                   Options.target_file_size_base: 67108864
2022/02/16-16:39:27.663232 119bab600             Options.target_file_size_multiplier: 1
2022/02/16-16:39:27.663232 119bab600                Options.max_bytes_for_level_base: 268435456
2022/02/16-16:39:27.663233 119bab600 Options.level_compaction_dynamic_level_bytes: 0
2022/02/16-16:39:27.663234 119bab600          Options.max_bytes_for_level_multiplier: 10.000000
2022/02/16-16:39:27.663235 119bab600 Options.max_bytes_for_level_multiplier_addtl[0]: 1
2022/02/16-16:39:27.663236 119bab600 Options.max_bytes_for_level_multiplier_addtl[1]: 1
2022/02/16-16:39:27.663237 119bab600 Options.max_bytes_for_level_multiplier_addtl[2]: 1
2022/02/16-16:39:27.663237 119bab600 Options.max_bytes_for_level_multiplier_addtl[3]: 1
2022/02/16-16:39:27.663238 119bab600 Options.max_bytes_for_level_multiplier_addtl[4]: 1
2022/02/16-16:39:27.663239 119bab600 Options.max_bytes_for_level_multiplier_addtl[5]: 1
2022/02/16-16:39:27.663240 119bab600 Options.max_bytes_for_level_multiplier_addtl[6]: 1
2022/02/16-16:39:27.663240 119bab600       Options.max_sequential_skip_in_iterations: 8
2022/02/16-16:39:27.663241 119bab600                    Options.max_compaction_bytes: 1677721600
2022/02/16-16:39:27.663242 119bab600                        Options.arena_block_size: 8388608
2022/02/16-16:39:27.663243 119bab600   Options.soft_pending_compaction_bytes_limit: 68719476736
