2022/02/16-16:39:27.688325 119bab600 RocksDB version: 6.12.7
2022/02/16-16:39:27.688354 119bab600 Git sha rocksdb_build_git_sha:@0@
2022/02/16-16:39:27.688356 119bab600 Compile date Jul 27 2021
2022/02/16-16:39:27.688367 119bab600 DB SUMMARY
2022/02/16-16:39:27.688368 119bab600 DB Session ID:  ZJY4BIIASO3HU1ITZRSQ
2022/02/16-16:39:27.688392 119bab600 SST files in /Users/helios_fz/IdeaProjects/ic-lock/.dfx/state/replicated_state/node-100/ic_consensus_pool/certification dir, Total Num: 0, files: 
2022/02/16-16:39:27.688394 119bab600 Write Ahead Log file in /Users/helios_fz/IdeaProjects/ic-lock/.dfx/state/replicated_state/node-100/ic_consensus_pool/certification: 
2022/02/16-16:39:27.688395 119bab600                         Options.error_if_exists: 0
2022/02/16-16:39:27.688396 119bab600                       Options.create_if_missing: 1
2022/02/16-16:39:27.688397 119bab600                         Options.paranoid_checks: 1
2022/02/16-16:39:27.688397 119bab600                                     Options.env: 0x10c690068
2022/02/16-16:39:27.688398 119bab600                                      Options.fs: Posix File System
2022/02/16-16:39:27.688399 119bab600                                Options.info_log: 0x600003a4e2b0
2022/02/16-16:39:27.688400 119bab600                Options.max_file_opening_threads: 16
2022/02/16-16:39:27.688401 119bab600                              Options.statistics: 0x0
2022/02/16-16:39:27.688402 119bab600                               Options.use_fsync: 1
2022/02/16-16:39:27.688402 119bab600                       Options.max_log_file_size: 0
2022/02/16-16:39:27.688403 119bab600                  Options.max_manifest_file_size: 1073741824
2022/02/16-16:39:27.688404 119bab600                   Options.log_file_time_to_roll: 0
2022/02/16-16:39:27.688405 119bab600                       Options.keep_log_file_num: 1000
2022/02/16-16:39:27.688406 119bab600                    Options.recycle_log_file_num: 0
2022/02/16-16:39:27.688406 119bab600                         Options.allow_fallocate: 1
2022/02/16-16:39:27.688407 119bab600                        Options.allow_mmap_reads: 0
2022/02/16-16:39:27.688408 119bab600                       Options.allow_mmap_writes: 0
2022/02/16-16:39:27.688409 119bab600                        Options.use_direct_reads: 0
2022/02/16-16:39:27.688409 119bab600                        Options.use_direct_io_for_flush_and_compaction: 0
2022/02/16-16:39:27.688410 119bab600          Options.create_missing_column_families: 1
2022/02/16-16:39:27.688411 119bab600                              Options.db_log_dir: 
2022/02/16-16:39:27.688412 119bab600                                 Options.wal_dir: /Users/helios_fz/IdeaProjects/ic-lock/.dfx/state/replicated_state/node-100/ic_consensus_pool/certification
2022/02/16-16:39:27.688413 119bab600                Options.table_cache_numshardbits: 6
2022/02/16-16:39:27.688413 119bab600                         Options.WAL_ttl_seconds: 0
2022/02/16-16:39:27.688414 119bab600                       Options.WAL_size_limit_MB: 0
2022/02/16-16:39:27.688415 119bab600                        Options.max_write_batch_group_size_bytes: 1048576
2022/02/16-16:39:27.688416 119bab600             Options.manifest_preallocation_size: 4194304
2022/02/16-16:39:27.688416 119bab600                     Options.is_fd_close_on_exec: 1
2022/02/16-16:39:27.688417 119bab600                   Options.advise_random_on_open: 1
2022/02/16-16:39:27.688418 119bab600                    Options.db_write_buffer_size: 0
2022/02/16-16:39:27.688419 119bab600                    Options.write_buffer_manager: 0x6000017429d0
2022/02/16-16:39:27.688420 119bab600         Options.access_hint_on_compaction_start: 1
2022/02/16-16:39:27.688420 119bab600  Options.new_table_reader_for_compaction_inputs: 0
2022/02/16-16:39:27.688421 119bab600           Options.random_access_max_buffer_size: 1048576
2022/02/16-16:39:27.688422 119bab600                      Options.use_adaptive_mutex: 0
2022/02/16-16:39:27.688423 119bab600                            Options.rate_limiter: 0x0
2022/02/16-16:39:27.688423 119bab600     Options.sst_file_manager.rate_bytes_per_sec: 0
2022/02/16-16:39:27.688424 119bab600                       Options.wal_recovery_mode: 2
2022/02/16-16:39:27.688442 119bab600                  Options.enable_thread_tracking: 0
2022/02/16-16:39:27.688443 119bab600                  Options.enable_pipelined_write: 0
2022/02/16-16:39:27.688444 119bab600                  Options.unordered_write: 0
2022/02/16-16:39:27.688445 119bab600         Options.allow_concurrent_memtable_write: 1
2022/02/16-16:39:27.688445 119bab600      Options.enable_write_thread_adaptive_yield: 1
2022/02/16-16:39:27.688446 119bab600             Options.write_thread_max_yield_usec: 100
2022/02/16-16:39:27.688447 119bab600            Options.write_thread_slow_yield_usec: 3
2022/02/16-16:39:27.688448 119bab600                               Options.row_cache: None
2022/02/16-16:39:27.688449 119bab600                              Options.wal_filter: None
2022/02/16-16:39:27.688449 119bab600             Options.avoid_flush_during_recovery: 0
2022/02/16-16:39:27.688450 119bab600             Options.allow_ingest_behind: 0
2022/02/16-16:39:27.688451 119bab600             Options.preserve_deletes: 0
2022/02/16-16:39:27.688452 119bab600             Options.two_write_queues: 0
2022/02/16-16:39:27.688452 119bab600             Options.manual_wal_flush: 0
2022/02/16-16:39:27.688453 119bab600             Options.atomic_flush: 0
2022/02/16-16:39:27.688454 119bab600             Options.avoid_unnecessary_blocking_io: 0
2022/02/16-16:39:27.688455 119bab600                 Options.persist_stats_to_disk: 0
2022/02/16-16:39:27.688456 119bab600                 Options.write_dbid_to_manifest: 0
2022/02/16-16:39:27.688456 119bab600                 Options.log_readahead_size: 0
2022/02/16-16:39:27.688457 119bab600                 Options.file_checksum_gen_factory: Unknown
2022/02/16-16:39:27.688458 119bab600                 Options.best_efforts_recovery: 0
2022/02/16-16:39:27.688459 119bab600                Options.max_bgerror_resume_count: 2147483647
2022/02/16-16:39:27.688459 119bab600            Options.bgerror_resume_retry_interval: 1000000
2022/02/16-16:39:27.688460 119bab600             Options.max_background_jobs: 2
2022/02/16-16:39:27.688461 119bab600             Options.max_background_compactions: -1
2022/02/16-16:39:27.688462 119bab600             Options.max_subcompactions: 1
2022/02/16-16:39:27.688463 119bab600             Options.avoid_flush_during_shutdown: 0
2022/02/16-16:39:27.688463 119bab600           Options.writable_file_max_buffer_size: 1048576
2022/02/16-16:39:27.688464 119bab600             Options.delayed_write_rate : 16777216
2022/02/16-16:39:27.688465 119bab600             Options.max_total_wal_size: 0
2022/02/16-16:39:27.688466 119bab600             Options.delete_obsolete_files_period_micros: 21600000000
2022/02/16-16:39:27.688466 119bab600                   Options.stats_dump_period_sec: 600
2022/02/16-16:39:27.688467 119bab600                 Options.stats_persist_period_sec: 600
2022/02/16-16:39:27.688468 119bab600                 Options.stats_history_buffer_size: 1048576
2022/02/16-16:39:27.688469 119bab600                          Options.max_open_files: -1
2022/02/16-16:39:27.688470 119bab600                          Options.bytes_per_sync: 0
2022/02/16-16:39:27.688470 119bab600                      Options.wal_bytes_per_sync: 0
2022/02/16-16:39:27.688471 119bab600                   Options.strict_bytes_per_sync: 0
2022/02/16-16:39:27.688472 119bab600       Options.compaction_readahead_size: 0
2022/02/16-16:39:27.688473 119bab600                  Options.max_background_flushes: -1
2022/02/16-16:39:27.688473 119bab600 Compression algorithms supported:
2022/02/16-16:39:27.688475 119bab600 	kZSTD supported: 1
2022/02/16-16:39:27.688476 119bab600 	kZlibCompression supported: 1
2022/02/16-16:39:27.688476 119bab600 	kXpressCompression supported: 0
2022/02/16-16:39:27.688477 119bab600 	kSnappyCompression supported: 1
2022/02/16-16:39:27.688478 119bab600 	kZSTDNotFinalCompression supported: 1
2022/02/16-16:39:27.688479 119bab600 	kLZ4HCCompression supported: 1
2022/02/16-16:39:27.688479 119bab600 	kLZ4Compression supported: 1
2022/02/16-16:39:27.688492 119bab600 	kBZip2Compression supported: 1
2022/02/16-16:39:27.688494 119bab600 Fast CRC32 supported: Supported on x86
2022/02/16-16:39:27.688943 119bab600 [db/db_impl/db_impl_open.cc:271] Creating manifest 1 
2022/02/16-16:39:27.689597 119bab600 [db/version_set.cc:4560] Recovering from manifest file: /Users/helios_fz/IdeaProjects/ic-lock/.dfx/state/replicated_state/node-100/ic_consensus_pool/certification/MANIFEST-000001
2022/02/16-16:39:27.689620 119bab600 [db/column_family.cc:580] --------------- Options for column family [default]:
2022/02/16-16:39:27.689622 119bab600               Options.comparator: leveldb.BytewiseComparator
2022/02/16-16:39:27.689623 119bab600           Options.merge_operator: None
2022/02/16-16:39:27.689624 119bab600        Options.compaction_filter: None
2022/02/16-16:39:27.689625 119bab600        Options.compaction_filter_factory: None
2022/02/16-16:39:27.689626 119bab600  Options.sst_partitioner_factory: None
2022/02/16-16:39:27.689626 119bab600         Options.memtable_factory: SkipListFactory
2022/02/16-16:39:27.689627 119bab600            Options.table_factory: BlockBasedTable
2022/02/16-16:39:27.689638 119bab600            table_factory options:   flush_block_policy_factory: FlushBlockBySizePolicyFactory (0x600001b4f040)
  cache_index_and_filter_blocks: 0
  cache_index_and_filter_blocks_with_high_priority: 1
  pin_l0_filter_and_index_blocks_in_cache: 0
  pin_top_level_index_and_filter: 1
  index_type: 0
  data_block_index_type: 0
  index_shortening: 1
  data_block_hash_table_util_ratio: 0.750000
  hash_index_allow_collision: 1
  checksum: 1
  no_block_cache: 0
  block_cache: 0x6000028485b8
  block_cache_name: LRUCache
  block_cache_options:
    capacity : 8388608
    num_shard_bits : 4
    strict_capacity_limit : 0
    memory_allocator : None
    high_pri_pool_ratio: 0.000
  block_cache_compressed: 0x0
  persistent_cache: 0x0
  block_size: 4096
  block_size_deviation: 10
  block_restart_interval: 16
  index_block_restart_interval: 1
  metadata_block_size: 4096
  partition_filters: 0
  use_delta_encoding: 1
  filter_policy: nullptr
  whole_key_filtering: 1
  verify_compression: 0
  read_amp_bytes_per_bit: 0
  format_version: 4
  enable_index_compression: 1
  block_align: 0
2022/02/16-16:39:27.689640 119bab600        Options.write_buffer_size: 67108864
2022/02/16-16:39:27.689641 119bab600  Options.max_write_buffer_number: 2
2022/02/16-16:39:27.689642 119bab600          Options.compression: Snappy
2022/02/16-16:39:27.689643 119bab600                  Options.bottommost_compression: Disabled
2022/02/16-16:39:27.689644 119bab600       Options.prefix_extractor: nullptr
2022/02/16-16:39:27.689645 119bab600   Options.memtable_insert_with_hint_prefix_extractor: nullptr
2022/02/16-16:39:27.689645 119bab600             Options.num_levels: 7
2022/02/16-16:39:27.689646 119bab600        Options.min_write_buffer_number_to_merge: 1
2022/02/16-16:39:27.689647 119bab600     Options.max_write_buffer_number_to_maintain: 0
2022/02/16-16:39:27.689648 119bab600     Options.max_write_buffer_size_to_maintain: 0
2022/02/16-16:39:27.689649 119bab600            Options.bottommost_compression_opts.window_bits: -14
2022/02/16-16:39:27.689649 119bab600                  Options.bottommost_compression_opts.level: 32767
2022/02/16-16:39:27.689650 119bab600               Options.bottommost_compression_opts.strategy: 0
2022/02/16-16:39:27.689651 119bab600         Options.bottommost_compression_opts.max_dict_bytes: 0
2022/02/16-16:39:27.689652 119bab600         Options.bottommost_compression_opts.zstd_max_train_bytes: 0
2022/02/16-16:39:27.689653 119bab600         Options.bottommost_compression_opts.parallel_threads: 1
2022/02/16-16:39:27.689653 119bab600                  Options.bottommost_compression_opts.enabled: false
2022/02/16-16:39:27.689654 119bab600            Options.compression_opts.window_bits: -14
2022/02/16-16:39:27.689655 119bab600                  Options.compression_opts.level: 32767
2022/02/16-16:39:27.689656 119bab600               Options.compression_opts.strategy: 0
2022/02/16-16:39:27.689677 119bab600         Options.compression_opts.max_dict_bytes: 0
2022/02/16-16:39:27.689678 119bab600         Options.compression_opts.zstd_max_train_bytes: 0
2022/02/16-16:39:27.689679 119bab600         Options.compression_opts.parallel_threads: 1
2022/02/16-16:39:27.689679 119bab600                  Options.compression_opts.enabled: false
2022/02/16-16:39:27.689680 119bab600      Options.level0_file_num_compaction_trigger: 4
2022/02/16-16:39:27.689681 119bab600          Options.level0_slowdown_writes_trigger: 20
2022/02/16-16:39:27.689682 119bab600              Options.level0_stop_writes_trigger: 36
2022/02/16-16:39:27.689682 119bab600                   Options.target_file_size_base: 67108864
2022/02/16-16:39:27.689683 119bab600             Options.target_file_size_multiplier: 1
2022/02/16-16:39:27.689684 119bab600                Options.max_bytes_for_level_base: 268435456
2022/02/16-16:39:27.689685 119bab600 Options.level_compaction_dynamic_level_bytes: 0
2022/02/16-16:39:27.689686 119bab600          Options.max_bytes_for_level_multiplier: 10.000000
2022/02/16-16:39:27.689687 119bab600 Options.max_bytes_for_level_multiplier_addtl[0]: 1
2022/02/16-16:39:27.689688 119bab600 Options.max_bytes_for_level_multiplier_addtl[1]: 1
2022/02/16-16:39:27.689688 119bab600 Options.max_bytes_for_level_multiplier_addtl[2]: 1
2022/02/16-16:39:27.689689 119bab600 Options.max_bytes_for_level_multiplier_addtl[3]: 1
2022/02/16-16:39:27.689690 119bab600 Options.max_bytes_for_level_multiplier_addtl[4]: 1
2022/02/16-16:39:27.689691 119bab600 Options.max_bytes_for_level_multiplier_addtl[5]: 1
2022/02/16-16:39:27.689691 119bab600 Options.max_bytes_for_level_multiplier_addtl[6]: 1
2022/02/16-16:39:27.689692 119bab600       Options.max_sequential_skip_in_iterations: 8
2022/02/16-16:39:27.689693 119bab600                    Options.max_compaction_bytes: 1677721600
2022/02/16-16:39:27.689694 119bab600                        Options.arena_block_size: 8388608
2022/02/16-16:39:27.689695 119bab600   Options.soft_pending_compaction_bytes_limit: 68719476736
2022/02/16-16:39:27.689695 119bab600   Options.hard_pending_compaction_bytes_limit: 274877906944
2022/02/16-16:39:27.689696 119bab600       Options.rate_limit_delay_max_milliseconds: 100
2022/02/16-16:39:27.689697 119bab600                Options.disable_auto_compactions: 0
2022/02/16-16:39:27.689698 119bab600                        Options.compaction_style: kCompactionStyleLevel
2022/02/16-16:39:27.689699 119bab600                          Options.compaction_pri: kMinOverlappingRatio
2022/02/16-16:39:27.689700 119bab600 Options.compaction_options_universal.size_ratio: 1
2022/02/16-16:39:27.689700 119bab600 Options.compaction_options_universal.min_merge_width: 2
2022/02/16-16:39:27.689701 119bab600 Options.compaction_options_universal.max_merge_width: 4294967295
2022/02/16-16:39:27.689702 119bab600 Options.compaction_options_universal.max_size_amplification_percent: 200
2022/02/16-16:39:27.689703 119bab600 Options.compaction_options_universal.compression_size_percent: -1
2022/02/16-16:39:27.689704 119bab600 Options.compaction_options_universal.stop_style: kCompactionStopStyleTotalSize
2022/02/16-16:39:27.689705 119bab600 Options.compaction_options_fifo.max_table_files_size: 1073741824
2022/02/16-16:39:27.689705 119bab600 Options.compaction_options_fifo.allow_compaction: 0
2022/02/16-16:39:27.689706 119bab600                   Options.table_properties_collectors: 
2022/02/16-16:39:27.689707 119bab600                   Options.inplace_update_support: 0
2022/02/16-16:39:27.689708 119bab600                 Options.inplace_update_num_locks: 10000
2022/02/16-16:39:27.689709 119bab600               Options.memtable_prefix_bloom_size_ratio: 0.000000
2022/02/16-16:39:27.689710 119bab600               Options.memtable_whole_key_filtering: 0
2022/02/16-16:39:27.689710 119bab600   Options.memtable_huge_page_size: 0
2022/02/16-16:39:27.689711 119bab600                           Options.bloom_locality: 0
2022/02/16-16:39:27.689712 119bab600                    Options.max_successive_merges: 0
2022/02/16-16:39:27.689725 119bab600                Options.optimize_filters_for_hits: 0
2022/02/16-16:39:27.689726 119bab600                Options.paranoid_file_checks: 0
2022/02/16-16:39:27.689727 119bab600                Options.force_consistency_checks: 0
2022/02/16-16:39:27.689728 119bab600                Options.report_bg_io_stats: 0
2022/02/16-16:39:27.689729 119bab600                               Options.ttl: 2592000
2022/02/16-16:39:27.689730 119bab600          Options.periodic_compaction_seconds: 0
2022/02/16-16:39:27.690009 119bab600 [db/version_set.cc:4718] Recovered from manifest file:/Users/helios_fz/IdeaProjects/ic-lock/.dfx/state/replicated_state/node-100/ic_consensus_pool/certification/MANIFEST-000001 succeeded,manifest_file_number is 1, next_file_number is 3, last_sequence is 0, log_number is 0,prev_log_number is 0,max_column_family is 0,min_log_number_to_keep is 0
2022/02/16-16:39:27.690013 119bab600 [db/version_set.cc:4727] Column family [default] (ID 0), log number is 0
2022/02/16-16:39:27.690149 119bab600 [db/version_set.cc:3950] Creating manifest 4
2022/02/16-16:39:27.690809 119bab600 [db/column_family.cc:580] --------------- Options for column family [CE]:
2022/02/16-16:39:27.690812 119bab600               Options.comparator: leveldb.BytewiseComparator
2022/02/16-16:39:27.690814 119bab600           Options.merge_operator: None
2022/02/16-16:39:27.690815 119bab600        Options.compaction_filter: filter_outdated
2022/02/16-16:39:27.690816 119bab600        Options.compaction_filter_factory: None
2022/02/16-16:39:27.690816 119bab600  Options.sst_partitioner_factory: None
2022/02/16-16:39:27.690817 119bab600         Options.memtable_factory: SkipListFactory
2022/02/16-16:39:27.690818 119bab600            Options.table_factory: BlockBasedTable
2022/02/16-16:39:27.690829 119bab600            table_factory options:   flush_block_policy_factory: FlushBlockBySizePolicyFactory (0x600001b4ef90)
  cache_index_and_filter_blocks: 0
  cache_index_and_filter_blocks_with_high_priority: 1
  pin_l0_filter_and_index_blocks_in_cache: 0
  pin_top_level_index_and_filter: 1
  index_type: 0
  data_block_index_type: 0
  index_shortening: 1
  data_block_hash_table_util_ratio: 0.750000
  hash_index_allow_collision: 1
  checksum: 1
  no_block_cache: 0
  block_cache: 0x6000028488d8
  block_cache_name: LRUCache
  block_cache_options:
    capacity : 8388608
    num_shard_bits : 4
    strict_capacity_limit : 0
    memory_allocator : None
    high_pri_pool_ratio: 0.000
  block_cache_compressed: 0x0
  persistent_cache: 0x0
  block_size: 4096
  block_size_deviation: 10
  block_restart_interval: 16
  index_block_restart_interval: 1
  metadata_block_size: 4096
  partition_filters: 0
  use_delta_encoding: 1
  filter_policy: nullptr
  whole_key_filtering: 1
  verify_compression: 0
  read_amp_bytes_per_bit: 0
  format_version: 4
  enable_index_compression: 1
  block_align: 0
2022/02/16-16:39:27.690832 119bab600        Options.write_buffer_size: 67108864
2022/02/16-16:39:27.690833 119bab600  Options.max_write_buffer_number: 2
2022/02/16-16:39:27.690833 119bab600          Options.compression: NoCompression
2022/02/16-16:39:27.690834 119bab600                  Options.bottommost_compression: Disabled
2022/02/16-16:39:27.690835 119bab600       Options.prefix_extractor: nullptr
2022/02/16-16:39:27.690836 119bab600   Options.memtable_insert_with_hint_prefix_extractor: nullptr
2022/02/16-16:39:27.690837 119bab600             Options.num_levels: 7
2022/02/16-16:39:27.690838 119bab600        Options.min_write_buffer_number_to_merge: 1
2022/02/16-16:39:27.690839 119bab600     Options.max_write_buffer_number_to_maintain: 0
2022/02/16-16:39:27.690839 119bab600     Options.max_write_buffer_size_to_maintain: 0
2022/02/16-16:39:27.690840 119bab600            Options.bottommost_compression_opts.window_bits: -14
2022/02/16-16:39:27.690841 119bab600                  Options.bottommost_compression_opts.level: 32767
2022/02/16-16:39:27.690842 119bab600               Options.bottommost_compression_opts.strategy: 0
2022/02/16-16:39:27.690843 119bab600         Options.bottommost_compression_opts.max_dict_bytes: 0
2022/02/16-16:39:27.690844 119bab600         Options.bottommost_compression_opts.zstd_max_train_bytes: 0
2022/02/16-16:39:27.690844 119bab600         Options.bottommost_compression_opts.parallel_threads: 1
2022/02/16-16:39:27.690845 119bab600                  Options.bottommost_compression_opts.enabled: false
2022/02/16-16:39:27.690846 119bab600            Options.compression_opts.window_bits: -14
2022/02/16-16:39:27.690847 119bab600                  Options.compression_opts.level: 32767
2022/02/16-16:39:27.690848 119bab600               Options.compression_opts.strategy: 0
2022/02/16-16:39:27.690849 119bab600         Options.compression_opts.max_dict_bytes: 0
2022/02/16-16:39:27.690849 119bab600         Options.compression_opts.zstd_max_train_bytes: 0
2022/02/16-16:39:27.690850 119bab600         Options.compression_opts.parallel_threads: 1
2022/02/16-16:39:27.690851 119bab600                  Options.compression_opts.enabled: false
2022/02/16-16:39:27.690852 119bab600      Options.level0_file_num_compaction_trigger: 4
2022/02/16-16:39:27.690869 119bab600          Options.level0_slowdown_writes_trigger: 20
2022/02/16-16:39:27.690870 119bab600              Options.level0_stop_writes_trigger: 36
2022/02/16-16:39:27.690871 119bab600                   Options.target_file_size_base: 67108864
2022/02/16-16:39:27.690872 119bab600             Options.target_file_size_multiplier: 1
2022/02/16-16:39:27.690873 119bab600                Options.max_bytes_for_level_base: 268435456
2022/02/16-16:39:27.690873 119bab600 Options.level_compaction_dynamic_level_bytes: 0
2022/02/16-16:39:27.690874 119bab600          Options.max_bytes_for_level_multiplier: 10.000000
2022/02/16-16:39:27.690875 119bab600 Options.max_bytes_for_level_multiplier_addtl[0]: 1
2022/02/16-16:39:27.690876 119bab600 Options.max_bytes_for_level_multiplier_addtl[1]: 1
2022/02/16-16:39:27.690877 119bab600 Options.max_bytes_for_level_multiplier_addtl[2]: 1
2022/02/16-16:39:27.690878 119bab600 Options.max_bytes_for_level_multiplier_addtl[3]: 1
2022/02/16-16:39:27.690879 119bab600 Options.max_bytes_for_level_multiplier_addtl[4]: 1
2022/02/16-16:39:27.690879 119bab600 Options.max_bytes_for_level_multiplier_addtl[5]: 1
2022/02/16-16:39:27.690880 119bab600 Options.max_bytes_for_level_multiplier_addtl[6]: 1
2022/02/16-16:39:27.690881 119bab600       Options.max_sequential_skip_in_iterations: 8
2022/02/16-16:39:27.690882 119bab600                    Options.max_compaction_bytes: 1677721600
2022/02/16-16:39:27.690883 119bab600                        Options.arena_block_size: 8388608
2022/02/16-16:39:27.690884 119bab600   Options.soft_pending_compaction_bytes_limit: 68719476736
2022/02/16-16:39:27.690884 119bab600   Options.hard_pending_compaction_bytes_limit: 274877906944
2022/02/16-16:39:27.690885 119bab600       Options.rate_limit_delay_max_milliseconds: 100
2022/02/16-16:39:27.690886 119bab600                Options.disable_auto_compactions: 1
2022/02/16-16:39:27.690887 119bab600                        Options.compaction_style: kCompactionStyleLevel
2022/02/16-16:39:27.690888 119bab600                          Options.compaction_pri: kMinOverlappingRatio
2022/02/16-16:39:27.690889 119bab600 Options.compaction_options_universal.size_ratio: 1
2022/02/16-16:39:27.690889 119bab600 Options.compaction_options_universal.min_merge_width: 2
2022/02/16-16:39:27.690890 119bab600 Options.compaction_options_universal.max_merge_width: 4294967295
2022/02/16-16:39:27.690891 119bab600 Options.compaction_options_universal.max_size_amplification_percent: 200
2022/02/16-16:39:27.690892 119bab600 Options.compaction_options_universal.compression_size_percent: -1
2022/02/16-16:39:27.690893 119bab600 Options.compaction_options_universal.stop_style: kCompactionStopStyleTotalSize
2022/02/16-16:39:27.690894 119bab600 Options.compaction_options_fifo.max_table_files_size: 1073741824
2022/02/16-16:39:27.690895 119bab600 Options.compaction_options_fifo.allow_compaction: 0
2022/02/16-16:39:27.690896 119bab600                   Options.table_properties_collectors: 
2022/02/16-16:39:27.690897 119bab600                   Options.inplace_update_support: 0
2022/02/16-16:39:27.690897 119bab600                 Options.inplace_update_num_locks: 10000
2022/02/16-16:39:27.690898 119bab600               Options.memtable_prefix_bloom_size_ratio: 0.000000
2022/02/16-16:39:27.690899 119bab600               Options.memtable_whole_key_filtering: 0
2022/02/16-16:39:27.690900 119bab600   Options.memtable_huge_page_size: 0
2022/02/16-16:39:27.690901 119bab600                           Options.bloom_locality: 0
2022/02/16-16:39:27.690902 119bab600                    Options.max_successive_merges: 0
2022/02/16-16:39:27.690902 119bab600                Options.optimize_filters_for_hits: 0
2022/02/16-16:39:27.690903 119bab600                Options.paranoid_file_checks: 0
2022/02/16-16:39:27.690904 119bab600                Options.force_consistency_checks: 0
2022/02/16-16:39:27.690905 119bab600                Options.report_bg_io_stats: 0
2022/02/16-16:39:27.690905 119bab600                               Options.ttl: 2592000
2022/02/16-16:39:27.690906 119bab600          Options.periodic_compaction_seconds: 2592000
2022/02/16-16:39:27.690952 119bab600 [db/db_impl/db_impl.cc:2563] Created column family [CE] (ID 1)
2022/02/16-16:39:27.691968 119bab600 [db/column_family.cc:580] --------------- Options for column family [CES]:
2022/02/16-16:39:27.691971 119bab600               Options.comparator: leveldb.BytewiseComparator
2022/02/16-16:39:27.691973 119bab600           Options.merge_operator: None
2022/02/16-16:39:27.691974 119bab600        Options.compaction_filter: filter_outdated
2022/02/16-16:39:27.691974 119bab600        Options.compaction_filter_factory: None
2022/02/16-16:39:27.691975 119bab600  Options.sst_partitioner_factory: None
2022/02/16-16:39:27.691976 119bab600         Options.memtable_factory: SkipListFactory
2022/02/16-16:39:27.691977 119bab600            Options.table_factory: BlockBasedTable
2022/02/16-16:39:27.691990 119bab600            table_factory options:   flush_block_policy_factory: FlushBlockBySizePolicyFactory (0x600001b4efe0)
  cache_index_and_filter_blocks: 0
  cache_index_and_filter_blocks_with_high_priority: 1
  pin_l0_filter_and_index_blocks_in_cache: 0
  pin_top_level_index_and_filter: 1
  index_type: 0
  data_block_index_type: 0
  index_shortening: 1
  data_block_hash_table_util_ratio: 0.750000
  hash_index_allow_collision: 1
  checksum: 1
  no_block_cache: 0
  block_cache: 0x600002848978
  block_cache_name: LRUCache
  block_cache_options:
    capacity : 8388608
    num_shard_bits : 4
    strict_capacity_limit : 0
    memory_allocator : None
    high_pri_pool_ratio: 0.000
  block_cache_compressed: 0x0
  persistent_cache: 0x0
  block_size: 4096
  block_size_deviation: 10
  block_restart_interval: 16
  index_block_restart_interval: 1
  metadata_block_size: 4096
  partition_filters: 0
  use_delta_encoding: 1
  filter_policy: nullptr
  whole_key_filtering: 1
  verify_compression: 0
  read_amp_bytes_per_bit: 0
  format_version: 4
  enable_index_compression: 1
  block_align: 0
2022/02/16-16:39:27.691993 119bab600        Options.write_buffer_size: 67108864
2022/02/16-16:39:27.691994 119bab600  Options.max_write_buffer_number: 2
2022/02/16-16:39:27.691995 119bab600          Options.compression: NoCompression
2022/02/16-16:39:27.691996 119bab600                  Options.bottommost_compression: Disabled
2022/02/16-16:39:27.691996 119bab600       Options.prefix_extractor: nullptr
2022/02/16-16:39:27.691997 119bab600   Options.memtable_insert_with_hint_prefix_extractor: nullptr
2022/02/16-16:39:27.691998 119bab600             Options.num_levels: 7
2022/02/16-16:39:27.691999 119bab600        Options.min_write_buffer_number_to_merge: 1
2022/02/16-16:39:27.692000 119bab600     Options.max_write_buffer_number_to_maintain: 0
2022/02/16-16:39:27.692000 119bab600     Options.max_write_buffer_size_to_maintain: 0
2022/02/16-16:39:27.692001 119bab600            Options.bottommost_compression_opts.window_bits: -14
2022/02/16-16:39:27.692002 119bab600                  Options.bottommost_compression_opts.level: 32767
2022/02/16-16:39:27.692003 119bab600               Options.bottommost_compression_opts.strategy: 0
2022/02/16-16:39:27.692004 119bab600         Options.bottommost_compression_opts.max_dict_bytes: 0
2022/02/16-16:39:27.692004 119bab600         Options.bottommost_compression_opts.zstd_max_train_bytes: 0
2022/02/16-16:39:27.692005 119bab600         Options.bottommost_compression_opts.parallel_threads: 1
2022/02/16-16:39:27.692006 119bab600                  Options.bottommost_compression_opts.enabled: false
2022/02/16-16:39:27.692007 119bab600            Options.compression_opts.window_bits: -14
2022/02/16-16:39:27.692008 119bab600                  Options.compression_opts.level: 32767
2022/02/16-16:39:27.692008 119bab600               Options.compression_opts.strategy: 0
2022/02/16-16:39:27.692009 119bab600         Options.compression_opts.max_dict_bytes: 0
2022/02/16-16:39:27.692010 119bab600         Options.compression_opts.zstd_max_train_bytes: 0
2022/02/16-16:39:27.692011 119bab600         Options.compression_opts.parallel_threads: 1
2022/02/16-16:39:27.692012 119bab600                  Options.compression_opts.enabled: false
2022/02/16-16:39:27.692012 119bab600      Options.level0_file_num_compaction_trigger: 4
2022/02/16-16:39:27.692030 119bab600          Options.level0_slowdown_writes_trigger: 20
2022/02/16-16:39:27.692031 119bab600              Options.level0_stop_writes_trigger: 36
2022/02/16-16:39:27.692032 119bab600                   Options.target_file_size_base: 67108864
2022/02/16-16:39:27.692033 119bab600             Options.target_file_size_multiplier: 1
2022/02/16-16:39:27.692033 119bab600                Options.max_bytes_for_level_base: 268435456
2022/02/16-16:39:27.692034 119bab600 Options.level_compaction_dynamic_level_bytes: 0
2022/02/16-16:39:27.692035 119bab600          Options.max_bytes_for_level_multiplier: 10.000000
2022/02/16-16:39:27.692036 119bab600 Options.max_bytes_for_level_multiplier_addtl[0]: 1
2022/02/16-16:39:27.692037 119bab600 Options.max_bytes_for_level_multiplier_addtl[1]: 1
2022/02/16-16:39:27.692038 119bab600 Options.max_bytes_for_level_multiplier_addtl[2]: 1
2022/02/16-16:39:27.692039 119bab600 Options.max_bytes_for_level_multiplier_addtl[3]: 1
2022/02/16-16:39:27.692039 119bab600 Options.max_bytes_for_level_multiplier_addtl[4]: 1
2022/02/16-16:39:27.692040 119bab600 Options.max_bytes_for_level_multiplier_addtl[5]: 1
2022/02/16-16:39:27.692041 119bab600 Options.max_bytes_for_level_multiplier_addtl[6]: 1
2022/02/16-16:39:27.692042 119bab600       Options.max_sequential_skip_in_iterations: 8
2022/02/16-16:39:27.692042 119bab600                    Options.max_compaction_bytes: 1677721600
2022/02/16-16:39:27.692043 119bab600                        Options.arena_block_size: 8388608
2022/02/16-16:39:27.692044 119bab600   Options.soft_pending_compaction_bytes_limit: 68719476736
2022/02/16-16:39:27.692045 119bab600   Options.hard_pending_compaction_bytes_limit: 274877906944
2022/02/16-16:39:27.692046 119bab600       Options.rate_limit_delay_max_milliseconds: 100
2022/02/16-16:39:27.692047 119bab600                Options.disable_auto_compactions: 1
2022/02/16-16:39:27.692047 119bab600                        Options.compaction_style: kCompactionStyleLevel
2022/02/16-16:39:27.692048 119bab600                          Options.compaction_pri: kMinOverlappingRatio
2022/02/16-16:39:27.692049 119bab600 Options.compaction_options_universal.size_ratio: 1
2022/02/16-16:39:27.692050 119bab600 Options.compaction_options_universal.min_merge_width: 2
2022/02/16-16:39:27.692051 119bab600 Options.compaction_options_universal.max_merge_width: 4294967295
2022/02/16-16:39:27.692051 119bab600 Options.compaction_options_universal.max_size_amplification_percent: 200
2022/02/16-16:39:27.692052 119bab600 Options.compaction_options_universal.compression_size_percent: -1
2022/02/16-16:39:27.692053 119bab600 Options.compaction_options_universal.stop_style: kCompactionStopStyleTotalSize
2022/02/16-16:39:27.692054 119bab600 Options.compaction_options_fifo.max_table_files_size: 1073741824
2022/02/16-16:39:27.692055 119bab600 Options.compaction_options_fifo.allow_compaction: 0
2022/02/16-16:39:27.692056 119bab600                   Options.table_properties_collectors: 
2022/02/16-16:39:27.692057 119bab600                   Options.inplace_update_support: 0
2022/02/16-16:39:27.692057 119bab600                 Options.inplace_update_num_locks: 10000
2022/02/16-16:39:27.692058 119bab600               Options.memtable_prefix_bloom_size_ratio: 0.000000
2022/02/16-16:39:27.692059 119bab600               Options.memtable_whole_key_filtering: 0
2022/02/16-16:39:27.692060 119bab600   Options.memtable_huge_page_size: 0
2022/02/16-16:39:27.692061 119bab600                           Options.bloom_locality: 0
2022/02/16-16:39:27.692062 119bab600                    Options.max_successive_merges: 0
2022/02/16-16:39:27.692062 119bab600                Options.optimize_filters_for_hits: 0
2022/02/16-16:39:27.692063 119bab600                Options.paranoid_file_checks: 0
2022/02/16-16:39:27.692064 119bab600                Options.force_consistency_checks: 0
2022/02/16-16:39:27.692065 119bab600                Options.report_bg_io_stats: 0
2022/02/16-16:39:27.692065 119bab600                               Options.ttl: 2592000
2022/02/16-16:39:27.692066 119bab600          Options.periodic_compaction_seconds: 2592000
2022/02/16-16:39:27.692113 119bab600 [db/db_impl/db_impl.cc:2563] Created column family [CES] (ID 2)
2022/02/16-16:39:27.694020 119bab600 [db/db_impl/db_impl_open.cc:1639] SstFileManager instance 0x7f7a3300c190
2022/02/16-16:39:27.694053 119bab600 DB pointer 0x7f7a3285c400
2022/02/16-16:39:28.698726 7000061c7000 [db/db_impl/db_impl.cc:899] ------- DUMPING STATS -------
2022/02/16-16:39:28.698733 7000061c7000 [db/db_impl/db_impl.cc:900] 
** DB Stats **
Uptime(secs): 1.0 total, 1.0 interval
Cumulative writes: 2 writes, 2 keys, 2 commit groups, 0.7 writes per commit group, ingest: 0.00 GB, 0.00 MB/s
Cumulative WAL: 2 writes, 0 syncs, 2.00 writes per sync, written: 0.00 GB, 0.00 MB/s
Cumulative stall: 00:00:0.000 H:M:S, 0.0 percent
Interval writes: 2 writes, 2 keys, 2 commit groups, 0.7 writes per commit group, ingest: 0.00 MB, 0.00 MB/s
Interval WAL: 2 writes, 0 syncs, 2.00 writes per sync, written: 0.00 MB, 0.00 MB/s
Interval stall: 00:00:0.000 H:M:S, 0.0 percent

** Compaction Stats [default] **
Level    Files   Size     Score Read(GB)  Rn(GB) Rnp1(GB) Write(GB) Wnew(GB) Moved(GB) W-Amp Rd(MB/s) Wr(MB/s) Comp(sec) CompMergeCPU(sec) Comp(cnt) Avg(sec) KeyIn KeyDrop
----------------------------------------------------------------------------------------------------------------------------------------------------------------------------
 Sum      0/0    0.00 KB   0.0      0.0     0.0      0.0       0.0      0.0       0.0   0.0      0.0      0.0      0.00              0.00         0    0.000       0      0
 Int      0/0    0.00 KB   0.0      0.0     0.0      0.0       0.0      0.0       0.0   0.0      0.0      0.0      0.00              0.00         0    0.000       0      0

** Compaction Stats [default] **
Priority    Files   Size     Score Read(GB)  Rn(GB) Rnp1(GB) Write(GB) Wnew(GB) Moved(GB) W-Amp Rd(MB/s) Wr(MB/s) Comp(sec) CompMergeCPU(sec) Comp(cnt) Avg(sec) KeyIn KeyDrop
-------------------------------------------------------------------------------------------------------------------------------------------------------------------------------
Uptime(secs): 1.0 total, 1.0 interval
Flush(GB): cumulative 0.000, interval 0.000
AddFile(GB): cumulative 0.000, interval 0.000
AddFile(Total Files): cumulative 0, interval 0
AddFile(L0 Files): cumulative 0, interval 0
AddFile(Keys): cumulative 0, interval 0
Cumulative compaction: 0.00 GB write, 0.00 MB/s write, 0.00 GB read, 0.00 MB/s read, 0.0 seconds
Interval compaction: 0.00 GB write, 0.00 MB/s write, 0.00 GB read, 0.00 MB/s read, 0.0 seconds
Stalls(count): 0 level0_slowdown, 0 level0_slowdown_with_compaction, 0 level0_numfiles, 0 level0_numfiles_with_compaction, 0 stop for pending_compaction_bytes, 0 slowdown for pending_compaction_bytes, 0 memtable_compaction, 0 memtable_slowdown, interval 0 total count

** File Read Latency Histogram By Level [default] **

** Compaction Stats [CE] **
Level    Files   Size     Score Read(GB)  Rn(GB) Rnp1(GB) Write(GB) Wnew(GB) Moved(GB) W-Amp Rd(MB/s) Wr(MB/s) Comp(sec) CompMergeCPU(sec) Comp(cnt) Avg(sec) KeyIn KeyDrop
----------------------------------------------------------------------------------------------------------------------------------------------------------------------------
 Sum      0/0    0.00 KB   0.0      0.0     0.0      0.0       0.0      0.0       0.0   0.0      0.0      0.0      0.00              0.00         0    0.000       0      0
 Int      0/0    0.00 KB   0.0      0.0     0.0      0.0       0.0      0.0       0.0   0.0      0.0      0.0      0.00              0.00         0    0.000       0      0

** Compaction Stats [CE] **
Priority    Files   Size     Score Read(GB)  Rn(GB) Rnp1(GB) Write(GB) Wnew(GB) Moved(GB) W-Amp Rd(MB/s) Wr(MB/s) Comp(sec) CompMergeCPU(sec) Comp(cnt) Avg(sec) KeyIn KeyDrop
-------------------------------------------------------------------------------------------------------------------------------------------------------------------------------
Uptime(secs): 1.0 total, 1.0 interval
Flush(GB): cumulative 0.000, interval 0.000
AddFile(GB): cumulative 0.000, interval 0.000
AddFile(Total Files): cumulative 0, interval 0
AddFile(L0 Files): cumulative 0, interval 0
AddFile(Keys): cumulative 0, interval 0
Cumulative compaction: 0.00 GB write, 0.00 MB/s write, 0.00 GB read, 0.00 MB/s read, 0.0 seconds
Interval compaction: 0.00 GB write, 0.00 MB/s write, 0.00 GB read, 0.00 MB/s read, 0.0 seconds
Stalls(count): 0 level0_slowdown, 0 level0_slowdown_with_compaction, 0 level0_numfiles, 0 level0_numfiles_with_compaction, 0 stop for pending_compaction_bytes, 0 slowdown for pending_compaction_bytes, 0 memtable_compaction, 0 memtable_slowdown, interval 0 total count

** File Read Latency Histogram By Level [CE] **

** Compaction Stats [CES] **
Level    Files   Size     Score Read(GB)  Rn(GB) Rnp1(GB) Write(GB) Wnew(GB) Moved(GB) W-Amp Rd(MB/s) Wr(MB/s) Comp(sec) CompMergeCPU(sec) Comp(cnt) Avg(sec) KeyIn KeyDrop
----------------------------------------------------------------------------------------------------------------------------------------------------------------------------
 Sum      0/0    0.00 KB   0.0      0.0     0.0      0.0       0.0      0.0       0.0   0.0      0.0      0.0      0.00              0.00         0    0.000       0      0
 Int      0/0    0.00 KB   0.0      0.0     0.0      0.0       0.0      0.0       0.0   0.0      0.0      0.0      0.00              0.00         0    0.000       0      0

** Compaction Stats [CES] **
Priority    Files   Size     Score Read(GB)  Rn(GB) Rnp1(GB) Write(GB) Wnew(GB) Moved(GB) W-Amp Rd(MB/s) Wr(MB/s) Comp(sec) CompMergeCPU(sec) Comp(cnt) Avg(sec) KeyIn KeyDrop
-------------------------------------------------------------------------------------------------------------------------------------------------------------------------------
